day, Tmax, Tmin, RHmax, RHmin, windspd, Solar, precip, ETc, WL, irrigate

52, 22.0, 3.0, 100.0, 55.0, 8.0, 740.0, 0.40, 0.073, 1.05, 0.0
71, 21.0, 5.0, 81.0, 44.0, 7.0, 0.0, 0.05, 0.081, 1.019, 0.0
79, 18.0, 5.0, 96.0, 19.0, 8.0, 0.0, 0.00, 0.098, 0.902, 0.0
79, 18.0, 5.0, 96.0, 19.0, 8.0, 0.0, 0.00, 0.098, 0.902, 0.0
79, 18.0, 5.0, 96.0, 19.0, 8.0, 0.0, 0.00, 0.098, 0.952, 0.0
79, 18.0, 5.0, 96.0, 19.0, 8.0, 0.0, 0.00, 0.098, 0.902, 0.0
79, 18.0, 5.0, 96.0, 19.0, 8.0, 0.0, 0.00, 0.098, 0.902, 0.0
79, 18.0, 5.0, 96.0, 19.0, 8.0, 0.0, 0.00, 0.098, 0.902, 0.0
79, 18.0, 5.0, 96.0, 19.0, 8.0, 0.0, 0.00, 0.098, 0.902, 0.0
79, 18.0, 5.0, 96.0, 19.0, 8.0, 2833.0, 0.00, 0.114, 0.886, 0.0
80, 21.0, -1.0, 89.0, 23.0, 3.0, 4509.5, 0.00, 0.095, 0.905, 0.0
80, 21.0, -1.0, 89.0, 23.0, 3.0, 4509.5, 0.00, 0.095, 0.905, 0.0
80, 21.0, -1.0, 89.0, 23.0, 3.0, 4509.5, 0.00, 0.095, 0.905, 0.0
80, 21.0, -1.0, 89.0, 23.0, 3.0, 4509.5, 0.00, 0.095, 0.905, 0.0
81, 22.0, 5.0, 76.0, 25.0, 6.0, 2772.75, 0.00, 0.118, 0.787, 0.0
82, 22.0, 5.0, 76.0, 25.0, 6.0, 1128.0, 0.00, 0.107, 0.68, 0.0